1618405787134 0.999575089405719 0
1618405790474 0.9994829738018547 0
1618405793828 0.9995256909826877 0
1618405797611 0.9996694616079029 0
1618405801756 0.9996024631436848 0
1618405805867 0.9996391474461318 0
1618405835166 0.9997284208997591 0
1618405840703 0.9996678282028673 0
1618405846050 0.9997048973884772 0
1618405861517 0.9999999999999669 0
1618405866151 0.9999999999999649 0
1618405870576 0.9999999999999671 0
1618405875211 0.9912523431117091 0
1618405879719 0.9907570834793159 0
1618405884320 0.9909097286172627 0
1618405888819 0.9999999999999601 0
