1618405787139 0.00527154554641449 0
1618405790479 0.0061587676830462896 0
1618405793833 0.005734117197145856 0
1618405797726 0.004100740749303203 0
1618405801870 0.00473542182635356 0
1618405805996 0.004362495249394755 0
1618405835292 0.003369277244773234 0
1618405840829 0.003956799358986437 0
1618405846178 0.003567617097486905 0
1618405861535 4.1095829914339806e-13 0
1618405866170 4.177898550503443e-13 0
1618405870585 3.9728481287316337e-13 0
1618405875255 0.10852558710395588 0
1618405879728 0.11010075653591604 0
1618405884338 0.10989603730885657 0
1618405888828 4.844405893461242e-13 0
