1618405787139 0.07260540989771003 0
1618405790479 0.07847781650279453 0
1618405793833 0.07572395391912559 0
1618405797726 0.06403702639335468 0
1618405801870 0.06881440130055307 0
1618405805996 0.06604918810549268 0
1618405835292 0.05804547566152968 0
1618405840829 0.06290309498734094 0
1618405846178 0.05972953287517746 0
1618405861535 6.410602929080836e-07 0
1618405866170 6.463666568213001e-07 0
1618405870585 6.303053330515009e-07 0
1618405875255 0.3294322192863896 0
1618405879728 0.3318143404615238 0
1618405884338 0.33150571233216564 0
1618405888828 6.96017664535983e-07 0
