1618405213112 0.07276713794833296 0
1618405216552 0.07848681297920979 0
1618405220057 0.07577969385443997 0
1618405223922 0.06417044817676001 0
1618405228035 0.06946585666024474 0
1618405232020 0.06599935812974339 0
1618405260982 0.057918224963882055 0
1618405266171 0.06333308123951187 0
1618405271610 0.05993619338065667 0
1618405287347 3.383482712782405e-14 0
1618405291897 1.309184385266452e-14 0
1618405296557 1.8231748112930562e-14 0
1618405301405 0.3258214135357776 0
1618405306133 0.32861509515362963 0
1618405310936 0.328447785819178 0
1618405315540 3.338797428692053e-14 0
