1618405213112 0.005295056365191718 0
1618405216552 0.006160179811633454 0
1618405220057 0.005742562000672647 0
1618405223922 0.004117846419206242 0
1618405228035 0.004825505241541669 0
1618405232020 0.004355915273538125 0
1618405260982 0.003354520782966851 0
1618405266171 0.004011079179290611 0
1618405271610 0.0035923472769634726 0
1618405287347 1.144795526769738e-27 0
1618405291897 1.7139637546254978e-28 0
1618405296557 3.3239663925334715e-28 0
1618405301405 0.10615959351845221 0
1618405306133 0.10798788076282907 0
1618405310936 0.10787794800952061 0
1618405315540 1.1147568269840662e-27 0
