1618405213112 0.05499296814694827 0
1618405216552 0.059399769200822766 0
1618405220057 0.057129280989741585 0
1618405223922 0.04459799804456365 0
1618405228035 0.049349296064105264 0
1618405232020 0.04687478386227803 0
1618405260982 0.040832555725512205 0
1618405266171 0.044462452435368546 0
1618405271610 0.04297503607501042 0
1618405287347 2.414765747704042e-14 0
1618405291897 8.978289771149148e-15 0
1618405296557 1.3605650267155878e-14 0
1618405301405 0.2712383113446558 0
1618405306133 0.2705054458503762 0
1618405310936 0.27138655109572185 0
1618405315540 2.2114497669144922e-14 0
