1618405787139 0.999575089405719 0
1618405790479 0.9994829738018547 0
1618405793833 0.9995256909826877 0
1618405797726 0.9996694616079029 0
1618405801870 0.9996024631436848 0
1618405805996 0.9996391474461318 0
1618405835292 0.9997284208997591 0
1618405840829 0.9996678282028673 0
1618405846178 0.9997048973884772 0
1618405861535 0.9999999999999669 0
1618405866170 0.9999999999999649 0
1618405870585 0.9999999999999671 0
1618405875255 0.9912523431117091 0
1618405879728 0.9907570834793159 0
1618405884338 0.9909097286172627 0
1618405888828 0.9999999999999601 0
