1618405787139 0.054743090743342056 0
1618405790479 0.05900889432219728 0
1618405793833 0.057157192039274614 0
1618405797726 0.04490517389786521 0
1618405801870 0.048758678142533554 0
1618405805996 0.046318957575547534 0
1618405835292 0.04084972394381884 0
1618405840829 0.04426387194144361 0
1618405846178 0.042892129042787545 0
1618405861535 4.951338332077537e-07 0
1618405866170 5.017482815542752e-07 0
1618405870585 4.892622558733281e-07 0
1618405875255 0.2825610593677913 0
1618405879728 0.2800204094634982 0
1618405884338 0.2817571837984765 0
1618405888828 5.44621246803993e-07 0
